PAWN						S_PAWN						KNIGHT						S_KNIGHT					
Item	1	125	1.8	50126	1000	
Item	1	125	1.8	50126	1000	
Item	1	125	1.8	50126	1000	
Item	1	125	1.8	50126	1000
Item	1	125	1.8	50127	1000	
Item	1	125	1.8	50127	1000	
Item	1	125	1.8	50127	1000	
Item	1	125	1.8	50127	1000
Item	20	75	0.002	50007	1000	
Item	20	75	0.01	50007	1000	
Item	20	75	0.01	50007	1000	
Item	20	75	0.01	50007	1000
Item	20	75	0.002	50013	1000	
Item	20	75	0.01	50013	1000	
Item	20	75	0.01	50013	1000	
Item	20	75	0.01	50013	1000
Item	76	125	0.002	50006	1000	
Item	76	125	0.01	50006	1000	
Item	76	125	0.01	50006	1000	
Item	76	125	0.01	50006	1000
Item	76	125	0.002	50012	1000	
Item	76	125	0.01	50012	1000	
Item	76	125	0.01	50012	1000	
Item	76	125	0.01	50012	1000

//Item	1	90	0.04	70104	1000	
//Item	1	90	0.031	70104	1000	
//Item	1	90	0.02	70104	1000	
//Item	1	90	0.02	70104	1000
//Item	50	125	1.3	71198	1000	
//Item	50	125	1.1	71198	1000	
//Item	90	125	1.3	71198	1000	
//Item	50	125	1.4	71198	1000